4294967294,0
4294967279,152
4294967279,150
4294967278,79
4294967278,150
4294967278,255
4294967278,146
4294967294,81
4294967278,145
4294967294,50
4294967294,92
4294967294,88
4294967294,22
4294967294,17
4294967294,41
4294967279,79
4294967278,405
4294967294,7
4294967294,30
4294967294,61
4294967279,139
4294967294,67
4294967294,93
4294967294,95
4294967278,138
4294967294,12
4294967294,26
4294967294,201
4294967294,1415
4294967293,131
4294967293,130
4294967293,129
4294967293,128
4294967293,127
4294967293,126
4294967293,125
4294967293,124
4294967293,123
4294967293,122
4294967293,121
4294967293,120
4294967293,119
4294967293,118
4294967293,117
4294967293,116
4294967293,115
4294967293,114
4294967293,113
4294967293,112
4294967293,111
4294967293,110
4294967293,109
4294967293,108
4294967293,107
4294967293,106
4294967293,105
4294967293,104
4294967293,103
4294967293,102
4294967293,101
4294967293,100
4294967293,99
4294967293,98
4294967293,97
4294967293,96
4294967293,95
4294967293,94
4294967293,93
4294967293,92
4294967293,91
4294967293,90
4294967293,89
4294967293,87
4294967293,86
4294967293,85
4294967293,84
4294967293,83
4294967293,82
4294967293,81
4294967293,80
4294967293,79
4294967293,78
4294967293,77
4294967293,76
4294967293,75
4294967293,74
4294967293,73
4294967293,72
4294967293,71
4294967293,70
4294967293,69
4294967293,68
4294967293,67
4294967293,66
4294967293,65
4294967293,64
4294967293,63
4294967293,62
4294967293,61
4294967293,60
4294967293,59
4294967293,58
4294967293,57
4294967293,56
4294967293,55
4294967293,54
4294967293,53
4294967293,52
4294967293,51
4294967293,50
4294967293,49
4294967293,48
4294967293,47
4294967293,46
4294967293,45
4294967293,44
4294967293,43
4294967293,42
4294967293,41
4294967293,40
4294967293,39
4294967293,38
4294967293,37
4294967293,36
4294967293,35
4294967293,34
4294967293,33
4294967293,32
4294967293,31
4294967293,30
4294967293,29
4294967293,28
4294967293,27
4294967293,26
4294967293,25
4294967293,24
4294967293,23
4294967293,22
4294967293,21
4294967293,20
4294967293,19
4294967293,18
4294967293,17
4294967293,16
4294967293,15
4294967293,14
4294967293,13
4294967293,12
4294967293,11
4294967293,10
4294967293,9
4294967293,8
4294967293,7
4294967293,6
4294967293,5
4294967293,4
4294967293,3
4294967278,420
4294967278,401
4294967278,417
4294967278,231
4294967278,306
4294967278,229
4294967278,415
4294967279,99
4294967279,98
4294967279,96
4294967279,95
4294967279,94
4294967279,93
4294967279,92
4294967279,91
4294967279,90
4294967279,89
4294967279,87
4294967279,214
4294967279,344
4294967279,342
4294967279,341
4294967279,238
4294967279,135
4294967279,337
4294967278,134
4294967278,133
4294967278,276
4294967279,270
4294967278,333
4294967278,332
4294967278,274
4294967278,273
4294967278,270
4294967279,265
4294967278,269
4294967279,263
4294967278,280
4294967278,440
4294967278,281
4294967278,262
4294967278,396
4294967278,345
4294967278,352
4294967279,316
4294967278,326
1000,6
4294967279,549
1000,5
1000,4
4294967279,548
1000,3
1000,2
1000,1
4294967279,250
4294967278,254
4294967278,227
4294967279,291
999,5
4294967279,249
4294967278,250
999,4
999,3
999,2
999,1
4294967279,247
4294967278,246
4294967279,245
4294967278,240
4294967279,243
4294967279,531
4294967278,379
998,5
4294967279,237
998,4
4294967279,236
998,3
998,2
998,1
4294967279,235
4294967278,234
4294967279,231
997,4
4294967278,230
997,3
997,2
997,1
4294967279,229
4294967279,227
4294967278,226
4294967279,225
4294967278,224
996,4
4294967279,223
996,3
996,2
996,1
4294967279,340
4294967279,221
4294967279,219
4294967279,217
995,4
995,3
995,2
995,1
4294967278,309
4294967279,565
4294967279,213
4294967278,212
994,4
4294967279,212
994,3
994,2
994,1
4294967278,211
4294967279,208
4294967279,97
4294967279,246
993,5
4294967279,207
993,4
993,3
993,2
993,1
4294967278,203
4294967278,202
992,4
4294967279,202
992,3
992,2
992,1
4294967279,201
4294967278,198
991,6
4294967279,328
4294967279,196
991,5
4294967278,194
4294967278,193
991,4
991,3
991,2
991,1
4294967279,317
4294967294,1420
4294967279,354
4294967278,189
990,5
4294967278,187
990,4
990,3
990,2
990,1
4294967278,297
4294967279,276
4294967278,217
4294967278,435
989,6
4294967294,467
4294967294,390
4294967294,413
989,5
989,4
989,3
989,2
989,1
4294967278,323
4294967278,373
988,6
4294967278,225
4294967279,518
4294967278,170
988,5
4294967279,168
988,4
4294967278,167
988,3
988,2
988,1
4294967279,167
4294967278,166
4294967278,163
4294967278,428
4294967278,161
4294967278,445
4294967279,160
4294967278,157
4294967278,385
4294967279,158
987,5
4294967278,156
4294967279,155
4294967278,155
987,4
4294967279,154
987,3
987,2
987,1
4294967279,137
4294967278,153
4294967278,407
4294967279,285
4294967279,149
4294967279,148
4294967278,398
4294967279,147
4294967278,147
4294967279,563
4294967279,554
4294967278,359
4294967278,382
4294967279,533
4294967294,1004
4294967294,464
4294967294,449
4294967294,109
4294967294,462
4294967294,180
4294967278,404
4294967278,277
4294967279,520
4294967279,240
4294967278,429
4294967278,390
4294967278,395
4294967279,539
4294967279,353
4294967279,264
4294967279,516
4294967278,403
4294967279,352
4294967278,347
4294967279,560
4294967279,329
4294967279,330
4294967278,256
4294967278,174
4294967278,394
4294967278,414
4294967278,296
4294967278,62
4294967278,61
4294967278,60
4294967278,59
4294967278,58
4294967278,57
4294967278,56
4294967278,55
4294967278,54
4294967278,53
4294967278,52
4294967278,51
4294967278,50
4294967278,49
4294967278,48
4294967278,47
4294967278,46
4294967278,45
